001 078
005 170
007 139
008 188
011 199
012 119
014 013
015 062
016 038
017 162
020 023
021 094
022 097
023 131
025 081
027 172
029 182
030 196
031 120
032 108
037 126
040 128
041 197
044 070
046 092
047 149
052 027
054 057
055 178
057 140
064 130
065 194
066 077
068 175
070 001
072 085
073 048
077 055
078 169
079 099
080 075
081 104
082 160
084 179
085 035
086 190
088 186
089 011
092 146
093 168
095 086
096 009
098 012
101 024
104 026
105 053
106 076
107 155
108 193
109 002
110 074
111 143
113 174
114 087
115 028
117 080
118 037
121 042
126 064
127 072
129 136
132 003
136 101
138 137
140 090
141 134
143 054
147 165
148 091
149 014
151 032
152 056
156 122
160 088
161 153
162 033
167 079
168 107
169 049
172 005
174 058
178 010
179 148
181 008
182 145
183 021
185 025
187 095
190 152
191 135
192 124
193 158
194 133
195 116
197 113
200 112
201 060
203 069
205 110
206 098
207 065
208 059
210 156
213 159
215 171
216 184
218 006
220 114
221 144
222 106
224 015
225 068
226 041
229 150
231 198
233 084
234 007
239 166
244 167
245 161
246 000
247 052
249 195
250 063
251 029
253 045
262 016
263 044
264 051
267 047
268 017
269 040
272 147
273 154
277 163
278 083
283 105
284 138
286 034
287 132
289 157
290 020
291 043
294 129
296 089
298 187
301 117
302 118
304 050
306 185
307 181
309 082
310 173
311 030
316 096
318 022
319 019
321 066
322 191
324 141
326 142
327 189
330 036
332 093
333 004
336 121
339 046
345 018
346 192
347 125
348 067
354 071
356 103
357 177
358 031
360 176
368 073
370 115
371 180
375 100
376 109
377 127
379 183
383 151
385 039
388 061
389 102
390 111
396 164
398 123
